Unknown=1
TotalDistance=216.092
Code=4980C0
[0]
Distance=27.0115
Position=-3641.87, -1747.92, 2923.654
[1]
Distance=27.0113239
Position=-3630.263, -1747.92, 2899.263
[2]
Distance=27.0114784
Position=-3615.573, -1747.92, 2876.596
[3]
Distance=27.01158
Position=-3598.049, -1747.92, 2856.041
[4]
Distance=27.0114727
Position=-3577.992, -1747.92, 2837.948
[5]
Distance=27.01144
Position=-3555.745, -1747.92, 2822.628
[6]
Distance=27.01148
Position=-3531.688, -1747.92, 2810.344
[7]
Distance=27.0117264
Position=-3506.235, -1747.92, 2801.304
[8]
Position=-3479.818, -1747.92, 2795.664
