Unknown=1
TotalDistance=86.43417
Code=4980C0
[0]
XRotation=3EB
ZRotation=FE9C
Distance=28.7422638
Position=-2144.424, -2101.1, 4656.326
[1]
XRotation=190
ZRotation=FF73
Distance=28.845726
Position=-2153.034, -2097.6, 4629.128
[2]
Distance=28.8461876
Position=-2155.277, -2097.6, 4600.37
[3]
Position=-2150, -2097.6, 4572.01
