Unknown=1
TotalDistance=100.091743
Code=4980C0
[0]
Distance=33.2837753
Position=-2166.168, -2097.6, 4566.756
[1]
XRotation=C2
ZRotation=FFBC
Distance=33.2840233
Position=-2172.253, -2097.6, 4599.479
[2]
XRotation=309
ZRotation=FEEC
Distance=33.5239449
Position=-2169.663, -2097.6, 4632.662
[3]
XRotation=309
ZRotation=FEEC
Position=-2158.571, -2101.6, 4664.044
