Unknown=1
TotalDistance=479.999817
Code=4980C0
[0]
XRotation=2000
Distance=119.999954
Position=4630.5, -600.2941, 5914.707
[1]
XRotation=2000
Distance=119.999962
Position=4630.5, -685.1469, 5999.56
[2]
XRotation=2000
Distance=119.999939
Position=4630.5, -769.9996, 6084.413
[3]
XRotation=2000
Distance=119.999969
Position=4630.5, -854.8524, 6169.265
[4]
XRotation=2000
Position=4630.5, -939.7053, 6254.118
