Unknown=1
TotalDistance=302.654938
Code=4980C0
[0]
XRotation=139F
Distance=75.66373
Position=4291, -3185.06, 3385.342
[1]
XRotation=139F
Distance=75.6637344
Position=4291, -3220.109, 3452.399
[2]
XRotation=139F
Distance=75.66373
Position=4291, -3255.157, 3519.456
[3]
XRotation=139F
Distance=75.66373
Position=4291, -3290.206, 3586.512
[4]
XRotation=139F
Position=4291, -3325.254, 3653.569
