Unknown=1
TotalDistance=302.654938
Code=4980C0
[0]
XRotation=566
Distance=75.66373
Position=7826, -11035, 6640
[1]
XRotation=566
Distance=75.6637344
Position=7826, -11045, 6715
[2]
XRotation=566
Distance=75.66373
Position=7826, -11055, 6790
[3]
XRotation=566
Distance=75.66373
Position=7826, -11065, 6865
[4]
XRotation=566
Position=7826, -11075, 6940
