Unknown=1
TotalDistance=302.654938
Code=4980C0
[0]
XRotation=139F
Distance=75.66373
Position=4301, -1720.06, 1255.342
[1]
XRotation=139F
Distance=75.6637344
Position=4301, -1755.109, 1322.399
[2]
XRotation=139F
Distance=75.66373
Position=4301, -1790.157, 1389.456
[3]
XRotation=139F
Distance=75.66373
Position=4301, -1825.206, 1456.512
[4]
XRotation=139F
Position=4301, -1860.254, 1523.569
