Unknown=1
TotalDistance=110.7111
Code=4980C0
[0]
Distance=20.0001221
Position=-1285.003, -6197.133, 9346.996
[1]
ZRotation=54D
Distance=20.0001221
Position=-1305.003, -6197.133, 9346.996
[2]
ZRotation=154D
Distance=35.3554268
Position=-1325.003, -6197.133, 9346.996
[3]
ZRotation=1FFF
Distance=35.3554268
Position=-1350.003, -6222.133, 9346.996
[4]
ZRotation=1FFF
Position=-1375.003, -6247.133, 9346.996
