Unknown=1
TotalDistance=181.421356
Code=4980C0
[0]
Distance=20
Position=291.9965, -6457.133, 9765.003
[1]
XRotation=54D
Distance=20
Position=291.9963, -6457.133, 9785.003
[2]
XRotation=154D
Distance=35.35534
Position=291.9961, -6457.133, 9805.003
[3]
XRotation=2000
Distance=35.35534
Position=291.9958, -6482.133, 9830.003
[4]
XRotation=2000
Distance=35.35534
Position=291.9956, -6507.133, 9855.003
[5]
XRotation=2000
Distance=35.35534
Position=291.9956, -6532.133, 9880.003
[6]
XRotation=2000
Position=291.9956, -6557.133, 9905.003
