Unknown=1
TotalDistance=180.277557
Code=4980C0
[0]
XRotation=17F5
Distance=45.06939
Position=5974.5, -10879.13, 4725
[1]
XRotation=17F5
Distance=45.06939
Position=5974.5, -10854.13, 4687.5
[2]
XRotation=17F5
Distance=45.06939
Position=5974.5, -10829.13, 4650
[3]
XRotation=17F5
Distance=45.06939
Position=5974.5, -10804.13, 4612.5
[4]
XRotation=17F5
Position=5974.5, -10779.13, 4575
