Unknown=1
TotalDistance=301.556458
Code=4980C0
[0]
XRotation=EAAB
Distance=201.556442
Position=150, 107, 475
[1]
Distance=100
Position=150, 7, 300
[2]
Position=150, 7, 200
