Unknown=1
TotalDistance=622.9593
Code=498330
[0]
Distance=40.8706245
Position=-2.7E-05, 0, -205.4695
[1]
Distance=81.74088
Position=-40.87065, 0, -205.4695
[2]
Distance=81.74126
Position=-116.3897, 0, -174.1895
[3]
Distance=81.74087
Position=-174.1895, 0, -116.3896
[4]
Distance=81.74125
Position=-205.4695, 0, -40.87057
[5]
Distance=81.74093
Position=-205.4695, 0, 40.87068
[6]
Distance=81.74117
Position=-174.1893, 0, 116.3897
[7]
Distance=91.6422958
Position=-116.3896, 0, 174.1895
[8]
Position=-31.71552, 0, 209.241
