Unknown=1
TotalDistance=635.2476
Code=498330
[0]
Distance=41.67872
Position=-5.2E-05, 0, -209.5319
[1]
Distance=83.35701
Position=41.67867, 0, -209.5319
[2]
Distance=83.35744
Position=118.6909, 0, -177.6336
[3]
Distance=83.35701
Position=177.6335, 0, -118.691
[4]
Distance=83.35743
Position=209.5319, 0, -41.67874
[5]
Distance=83.35686
Position=209.5319, 0, 41.6787
[6]
Distance=83.35743
Position=177.6336, 0, 118.6908
[7]
Distance=93.42572
Position=118.691, 0, 177.6334
[8]
Position=32.3428, 0, 213.3034
