Unknown=1
TotalDistance=1128.72253
Code=498330
[0]
Distance=1
Position=-507.5, -810, -3841
[1]
XRotation=3FA
Distance=50
Position=-507.5, -810, -3840
[2]
XRotation=BFA
Distance=540.8327
Position=-507.4999, -810, -3790
[3]
XRotation=BFA
Distance=100
Position=-507.4995, -1110, -3340
[4]
XRotation=103F
Distance=432.666229
Position=-507.4997, -1110, -3240
[5]
XRotation=1920
Distance=4.223618
Position=-507.4996, -1350, -2880
[6]
XRotation=1920
Position=-507.4996, -1352.492, -2876.59
